    0.3318     2.4043    -0.396    0.128427    0.000000    0.000892   -0.069826   -0.037943     0.0000    0.0000    0.5545   353.2961
    0.9930     2.2932    -0.286    0.129703    0.000000    0.000649   -0.071375   -0.037718     0.0000    0.0000    0.5506   286.2044
    1.6475     2.1832    -0.248    0.130921    0.000000    0.000567   -0.073316   -0.037612     0.0000    0.0000    0.5469   227.7425
    2.2907     2.0751    -0.228    0.132123    0.000000    0.000525   -0.075541   -0.037595     0.0000    0.0000    0.5438   177.6837
    2.9183     1.9697    -0.214    0.133161    0.000000    0.000498   -0.077944   -0.037613     0.0000    0.0000    0.5414   135.6227
    3.5259     1.8676    -0.205    0.133933    0.000000    0.000479   -0.080458   -0.037639     0.0000    0.0000    0.5397   101.0019
    4.1095     1.7695    -0.199    0.134356    0.000000    0.000467   -0.083022   -0.037659     0.0000    0.0000    0.5389   73.1449
    4.6650     1.6762    -0.197    0.134336    0.000000    0.000463   -0.085564   -0.037665     0.0000    0.0000    0.5389   51.2923
    5.1886     1.5882    -0.200    0.133757    0.000000    0.000467   -0.087981   -0.037649     0.0000    0.0000    0.5401   34.6386
    5.6767     1.5062    -0.208    0.132467    0.000000    0.000480   -0.090127   -0.037597     0.0000    0.0000    0.5428   22.3658
    6.1261     1.4307    -0.222    0.130264    0.000000    0.000504   -0.091796   -0.037484     0.0000    0.0000    0.5472   13.6747
    6.5337     1.3622    -0.245    0.126883    0.000000    0.000542   -0.092700   -0.037270     0.0000    0.0000    0.5541    7.8113
    6.8966     1.3013    -0.279    0.121986    0.000000    0.000593   -0.092447   -0.036875     0.0000    0.0000    0.5642    4.0886
    7.2124     1.2482    -0.328    0.115148    0.000000    0.000660   -0.090503   -0.036151     0.0000    0.0000    0.5782    1.9042
    7.4789     1.2034    -0.400    0.105854    0.000000    0.000739   -0.086181   -0.034844     0.0000    0.0000    0.5971    0.7524
    7.6944     1.1672    -0.502    0.093498    0.000000    0.000819   -0.078703   -0.032572     0.0000    0.0000    0.6217    0.2316
    7.8573     1.1399    -0.646    0.077454    0.000000    0.000874   -0.067659   -0.028989     0.0000    0.0000    0.6526    0.0464
    7.9665     1.1215    -0.845    0.057318    0.000000    0.000845   -0.055105   -0.024629     0.0000    0.0000    0.6876    0.0036
    8.0213     1.1123    -1.054    0.034502    0.000000    0.000635   -0.037687   -0.017382     0.0000    0.0000    0.6917    0.0000