    0.3318     2.4043    -2.436    0.918588    0.000000    0.036031   -0.276740   -0.026362     0.0000    0.0000    0.2743   2686.8152
    0.9930     2.2932    -2.166    0.960753    0.000000    0.035266   -0.299353   -0.026604     0.0000    0.0000    0.2739   2177.3656
    1.6475     2.1832    -2.003    0.985437    0.000000    0.033796   -0.323437   -0.026880     0.0000    0.0000    0.2736   1731.9679
    2.2907     2.0751    -1.878    1.004107    0.000000    0.032444   -0.348752   -0.027160     0.0000    0.0000    0.2734   1349.9116
    2.9183     1.9697    -1.780    1.018251    0.000000    0.031267   -0.375106   -0.027372     0.0000    0.0000    0.2733   1028.6760
    3.5259     1.8676    -1.707    1.028244    0.000000    0.030333   -0.402247   -0.027480     0.0000    0.0000    0.2731   764.3219
    4.1095     1.7695    -1.659    1.033987    0.000000    0.029697   -0.429739   -0.027463     0.0000    0.0000    0.2730   551.8376
    4.6650     1.6762    -1.642    1.035055    0.000000    0.029444   -0.456895   -0.027295     0.0000    0.0000    0.2728   385.4718
    5.1886     1.5882    -1.656    1.030587    0.000000    0.029601   -0.482607   -0.026908     0.0000    0.0000    0.2726   259.0477
    5.6767     1.5062    -1.710    1.019392    0.000000    0.030268   -0.505340   -0.026249     0.0000    0.0000    0.2722   166.2504
    6.1261     1.4307    -1.811    0.999701    0.000000    0.031467   -0.522889   -0.025189     0.0000    0.0000    0.2717   100.8849
    6.5337     1.3622    -1.967    0.969144    0.000000    0.033161   -0.532320   -0.023550     0.0000    0.0000    0.2709   57.0957
    6.8966     1.3013    -2.185    0.924724    0.000000    0.035176   -0.529953   -0.021087     0.0000    0.0000    0.2694   29.5489
    7.2124     1.2482    -2.469    0.862934    0.000000    0.037112   -0.511565   -0.017525     0.0000    0.0000    0.2670   13.5758
    7.4789     1.2034    -2.814    0.780180    0.000000    0.038277   -0.473094   -0.012699     0.0000    0.0000    0.2631    5.2790
    7.6944     1.1672    -3.211    0.673612    0.000000    0.037732   -0.412076   -0.006971     0.0000    0.0000    0.2572    1.5958
    7.8573     1.1399    -3.644    0.542358    0.000000    0.034497   -0.330665   -0.002530     0.0000    0.0000    0.2514    0.3137
    7.9665     1.1215    -4.091    0.389287    0.000000    0.027812   -0.244596   -0.008652     0.0000    0.0000    0.2682    0.0238
    8.0213     1.1123    -4.441    0.229844    0.000000    0.017833   -0.142203   -0.000775     0.0000    0.0000    0.2495    0.0000